1.901228843032692017e+00
6.983538140505449299e+00
9.014607002086716392e+00
1.135172733596104955e+01
1.172269881752840348e+01
1.924414560630651749e+01
2.832367261766751909e+01
2.776721539531648730e+01
2.448411778344539869e+01
2.654300950614421950e+01
2.578251796893114189e+01
2.732204961743566329e+01
2.642244377463482863e+01
2.281474611639230332e+01
1.980060282865754928e+01
1.820542545791792577e+01
1.542313934616276505e+01
1.163923023417574854e+01
1.000695571527938910e+01
9.830744261534896111e+00
7.771852538836077962e+00
7.706932529561790979e+00
6.056109436587062689e+00
4.683514954787851181e+00
3.987943426849061446e+00
3.051240435891491298e+00
2.875028982146997869e+00
2.188731741247391671e+00
1.669371667053095365e+00
1.214931602133086042e+00
9.367029909575702584e-01
8.717829816832831646e-01
5.471829353118479178e-01
5.193600741942964172e-01
4.915372130767447501e-01
2.504057500579643381e-01
2.040343148620450131e-01
1.483885926269418176e-01
1.391143055877579471e-01
1.020171574310225066e-01
